Vertex Count: 516

Data:

5.2722 -0.0655 -6.9365 0.9959 2 0 0 -1
-5.2497 -0.0655 -6.9365 0.0043 2 0 0 -1
-5.2497 2.2925 -6.9365 0.0043 1.775 0 0 -1
5.2722 -0.0655 -6.9365 0.9959 2 0 0 -1
-5.2497 2.2925 -6.9365 0.0043 1.775 0 0 -1
5.2722 2.2925 -6.9365 0.9959 1.775 0 0 -1
5.2722 2.2925 -6.9365 0.9959 1.775 0 0 -1
-5.2497 2.2925 -6.9365 0.0043 1.775 0 0 -1
0.0352 9.4983 -6.9365 0.5024 1.0874 0 0 -1
-5.2497 2.2925 -6.9365 0.0043 1.775 0 0 -1
-0.1287 9.4983 -6.9365 0.4869 1.0874 0 0 -1
0.0352 9.4983 -6.9365 0.5024 1.0874 0 0 -1
5.2722 -0.0655 6.9365 -0.0022 2 1 0 0
5.2722 2.2925 2.6527 -0.3656 1.775 1 0 0
5.2722 2.2925 6.9365 -0.0022 1.775 1 0 0
5.2722 -0.0655 2.6527 -0.3656 2 1 0 0
5.2722 2.2925 2.6527 -0.3656 1.775 1 0 0
5.2722 -0.0655 6.9365 -0.0022 2 1 0 0
-5.2497 -0.0655 6.9365 -0.0022 2 -1 0 0
-5.2497 2.2925 6.9365 -0.0022 1.775 -1 0 0
-5.2497 2.2925 2.6527 -0.3656 1.775 -1 0 0
-5.2497 -0.0655 2.6527 -0.3656 2 -1 0 0
-5.2497 -0.0655 6.9365 -0.0022 2 -1 0 0
-5.2497 2.2925 2.6527 -0.3656 1.775 -1 0 0
5.2722 -0.0655 -6.9365 -0.995 2 1 0 0
5.2722 2.2925 -6.9365 -0.995 1.775 1 0 0
5.2722 2.2925 -2.6528 -0.6317 1.775 1 0 0
5.2722 -0.0655 -6.9365 -0.995 2 1 0 0
5.2722 2.2925 -2.6528 -0.6317 1.775 1 0 0
5.2722 -0.0655 -2.6528 -0.6317 2 1 0 0
-5.2497 -0.0655 -6.9365 -0.995 2 -1 0 0
-5.2497 -0.0655 -2.6528 -0.6317 2 -1 0 0
-5.2497 2.2925 -6.9365 -0.995 1.775 -1 0 0
-5.2497 -0.0655 -2.6528 -0.6317 2 -1 0 0
-5.2497 2.2925 -2.6528 -0.6317 1.775 -1 0 0
-5.2497 2.2925 -6.9365 -0.995 1.775 -1 0 0
5.2722 -0.0655 -2.6528 -1.2917 2 1 0 0
5.2722 2.2925 -2.6528 -1.2917 1.775 1 0 0
5.2722 2.2925 -0.0328 -1.0694 1.775 1 0 0
5.2722 -0.0655 -2.6528 -1.2917 2 1 0 0
5.2722 2.2925 -0.0328 -1.0694 1.775 1 0 0
5.2722 -0.0655 -0.0328 -1.0694 2 1 0 0
5.2722 -0.0655 -0.0328 -1.3017 2 1 0 0
5.2722 2.2925 2.6527 -1.0739 1.775 1 0 0
5.2722 -0.0655 2.6527 -1.0739 2 1 0 0
5.2722 -0.0655 -0.0328 -1.3017 2 1 0 0
5.2722 2.2925 -0.0328 -1.3017 1.775 1 0 0
5.2722 2.2925 2.6527 -1.0739 1.775 1 0 0
-5.2497 -0.0655 -2.6528 -1.2917 2 -1 0 0
-5.2497 -0.0655 -0.0328 -1.0694 2 -1 0 0
-5.2497 2.2925 -2.6528 -1.2917 1.775 -1 0 0
-5.2497 -0.0655 -0.0328 -1.0694 2 -1 0 0
-5.2497 2.2925 -0.0328 -1.0694 1.775 -1 0 0
-5.2497 2.2925 -2.6528 -1.2917 1.775 -1 0 0
-5.2497 -0.0655 2.6527 -1.0739 2 -1 0 0
-5.2497 2.2925 2.6527 -1.0739 1.775 -1 0 0
-5.2497 2.2925 -0.0328 -1.3017 1.775 -1 0 0
-5.2497 -0.0655 -0.0328 -1.3017 2 -1 0 0
-5.2497 -0.0655 2.6527 -1.0739 2 -1 0 0
-5.2497 2.2925 -0.0328 -1.3017 1.775 -1 0 0
5.7318 2.2745 6.9365 0.9649 1.9238 0.807 0.5906 0
0.4581 9.4803 -6.9365 0.0351 1.0834 0.5999 0.8001 0
0.4581 9.4803 6.9365 0.9649 1.0834 0.5999 0.8001 0
5.7318 2.2745 -6.9365 0.0351 1.9238 0.807 0.5906 0
0.4581 9.4803 -6.9365 0.0351 1.0834 0.5999 0.8001 0
5.7318 2.2745 6.9365 0.9649 1.9238 0.807 0.5906 0
-5.7277 2.2706 -6.9365 0.0351 1.9243 -0.8123 0.5832 0
-5.7277 2.2706 6.9365 0.9649 1.9243 -0.8123 0.5832 0
-0.5543 9.4764 6.9365 0.9649 1.0839 -0.608 0.7939 0
-5.7277 2.2706 -6.9365 0.0351 1.9243 -0.8123 0.5832 0
-0.5543 9.4764 6.9365 0.9649 1.0839 -0.608 0.7939 0
-0.5543 9.4764 -6.9365 0.0351 1.0839 -0.608 0.7939 0
5.2722 2.2925 7.4605 0.9501 1.9473 0 0 1
0.4581 9.4803 7.4605 0.5391 1.0581 0 0 1
0.0352 9.4983 7.4605 0.503 1.0559 0 0 1
5.7318 2.2745 7.4605 0.9894 1.9496 0 0 1
0.4581 9.4803 7.4605 0.5391 1.0581 0 0 1
5.2722 2.2925 7.4605 0.9501 1.9473 0 0 1
5.7318 2.2745 -7.4605 0.9894 1.9496 0 0 -1
5.2722 2.2925 -7.4605 0.9501 1.9473 0 0 -1
0.4581 9.4803 -7.4605 0.5391 1.0581 0 0 -1
5.2722 2.2925 -7.4605 0.9501 1.9473 0 0 -1
0.0352 9.4983 -7.4605 0.503 1.0559 0 0 -1
0.4581 9.4803 -7.4605 0.5391 1.0581 0 0 -1
-5.2497 2.2925 7.4605 0.0518 1.9473 0 0 1
-0.1287 9.4983 7.4605 0.489 1.0559 0 0 1
-0.5543 9.4764 7.4605 0.4527 1.0586 0 0 1
-5.7277 2.2706 7.4605 0.011 1.95 0 0 1
-5.2497 2.2925 7.4605 0.0518 1.9473 0 0 1
-0.5543 9.4764 7.4605 0.4527 1.0586 0 0 1
-5.7277 2.2706 -7.4605 0.011 1.95 0 0 -1
-0.5543 9.4764 -7.4605 0.4527 1.0586 0 0 -1
-5.2497 2.2925 -7.4605 0.0518 1.9473 0 0 -1
-5.2497 2.2925 -7.4605 0.0518 1.9473 0 0 -1
-0.5543 9.4764 -7.4605 0.4527 1.0586 0 0 -1
-0.1287 9.4983 -7.4605 0.489 1.0559 0 0 -1
5.2722 2.2925 6.9365 0.9649 1.9217 -0.8089 -0.5879 0
5.2722 2.2925 7.4605 1 1.9217 -0.7917 -0.6109 0
0.0352 9.4983 6.9365 0.9649 1.0813 -0.8089 -0.5879 0
5.2722 2.2925 7.4605 1 1.9217 -0.7917 -0.6109 0
0.0352 9.4983 7.4605 1 1.0813 -0.8089 -0.5879 0
0.0352 9.4983 6.9365 0.9649 1.0813 -0.8089 -0.5879 0
5.7318 2.2745 6.9365 0.9649 1.9238 0.807 0.5906 0
0.4581 9.4803 6.9365 0.9649 1.0834 0.5999 0.8001 0
5.7318 2.2745 7.4605 1 1.9238 0.8844 0.4668 0
5.7318 2.2745 7.4605 1 1.9238 0.8844 0.4668 0
0.4581 9.4803 6.9365 0.9649 1.0834 0.5999 0.8001 0
0.4581 9.4803 7.4605 1 1.0834 0.516 0.8566 0
0.4581 9.4803 6.9365 0.9649 1.0834 0.5999 0.8001 0
0.0352 9.4983 6.9365 0.9649 1.0813 0.0426 0.9991 0
0.0352 9.4983 7.4605 1 1.0813 0.0426 0.9991 0
0.4581 9.4803 6.9365 0.9649 1.0834 0.5999 0.8001 0
0.0352 9.4983 7.4605 1 1.0813 0.0426 0.9991 0
0.4581 9.4803 7.4605 1 1.0834 0.516 0.8566 0
5.2722 2.2925 -7.4605 0 1.9217 -0.7917 -0.6109 0
5.2722 2.2925 -6.9365 0.0351 1.9217 -0.8089 -0.5879 0
0.0352 9.4983 -7.4605 0 1.0813 -0.8089 -0.5879 0
5.2722 2.2925 -6.9365 0.0351 1.9217 -0.8089 -0.5879 0
0.0352 9.4983 -6.9365 0.0351 1.0813 -0.8089 -0.5879 0
0.0352 9.4983 -7.4605 0 1.0813 -0.8089 -0.5879 0
0.4581 9.4803 -7.4605 0 1.0834 0.516 0.8566 0
0.0352 9.4983 -7.4605 0 1.0813 0.0426 0.9991 0
0.0352 9.4983 -6.9365 0.0351 1.0813 0.0426 0.9991 0
0.4581 9.4803 -7.4605 0 1.0834 0.516 0.8566 0
0.0352 9.4983 -6.9365 0.0351 1.0813 0.0426 0.9991 0
0.4581 9.4803 -6.9365 0.0351 1.0834 0.5999 0.8001 0
5.7318 2.2745 -7.4605 0 1.9238 0.8844 0.4668 0
0.4581 9.4803 -7.4605 0 1.0834 0.516 0.8566 0
5.7318 2.2745 -6.9365 0.0351 1.9238 0.807 0.5906 0
5.7318 2.2745 -6.9365 0.0351 1.9238 0.807 0.5906 0
0.4581 9.4803 -7.4605 0 1.0834 0.516 0.8566 0
0.4581 9.4803 -6.9365 0.0351 1.0834 0.5999 0.8001 0
-5.2497 2.2925 6.9365 0.9649 1.9217 0.8151 -0.5793 0
-0.1287 9.4983 6.9365 0.9649 1.0813 0.8151 -0.5793 0
-5.2497 2.2925 7.4605 1 1.9217 0.7909 -0.612 0
-5.2497 2.2925 7.4605 1 1.9217 0.7909 -0.612 0
-0.1287 9.4983 6.9365 0.9649 1.0813 0.8151 -0.5793 0
-0.1287 9.4983 7.4605 1 1.0813 0.8151 -0.5793 0
-0.5543 9.4764 6.9365 0.9649 1.0839 -0.608 0.7939 0
-0.1287 9.4983 7.4605 1 1.0813 -0.0514 0.9987 0
-0.1287 9.4983 6.9365 0.9649 1.0813 -0.0514 0.9987 0
-0.5543 9.4764 6.9365 0.9649 1.0839 -0.608 0.7939 0
-0.5543 9.4764 7.4605 1 1.0839 -0.5245 0.8514 0
-0.1287 9.4983 7.4605 1 1.0813 -0.0514 0.9987 0
-5.7277 2.2706 6.9365 0.9649 1.9243 -0.8123 0.5832 0
-5.7277 2.2706 7.4605 1 1.9243 -0.8847 0.4661 0
-0.5543 9.4764 6.9365 0.9649 1.0839 -0.608 0.7939 0
-5.7277 2.2706 7.4605 1 1.9243 -0.8847 0.4661 0
-0.5543 9.4764 7.4605 1 1.0839 -0.5245 0.8514 0
-0.5543 9.4764 6.9365 0.9649 1.0839 -0.608 0.7939 0
-5.2497 2.2925 -7.4605 0 1.9217 0.7909 -0.612 0
-0.1287 9.4983 -7.4605 0 1.0813 0.8151 -0.5793 0
-5.2497 2.2925 -6.9365 0.0351 1.9217 0.8151 -0.5793 0
-5.2497 2.2925 -6.9365 0.0351 1.9217 0.8151 -0.5793 0
-0.1287 9.4983 -7.4605 0 1.0813 0.8151 -0.5793 0
-0.1287 9.4983 -6.9365 0.0351 1.0813 0.8151 -0.5793 0
-5.7277 2.2706 -7.4605 0 1.9243 -0.8847 0.4661 0
-5.7277 2.2706 -6.9365 0.0351 1.9243 -0.8123 0.5832 0
-0.5543 9.4764 -7.4605 0 1.0839 -0.5245 0.8514 0
-5.7277 2.2706 -6.9365 0.0351 1.9243 -0.8123 0.5832 0
-0.5543 9.4764 -6.9365 0.0351 1.0839 -0.608 0.7939 0
-0.5543 9.4764 -7.4605 0 1.0839 -0.5245 0.8514 0
-0.5543 9.4764 -7.4605 0 1.0839 -0.5245 0.8514 0
-0.1287 9.4983 -6.9365 0.0351 1.0813 -0.0514 0.9987 0
-0.1287 9.4983 -7.4605 0 1.0813 -0.0514 0.9987 0
-0.5543 9.4764 -7.4605 0 1.0839 -0.5245 0.8514 0
-0.5543 9.4764 -6.9365 0.0351 1.0839 -0.608 0.7939 0
-0.1287 9.4983 -6.9365 0.0351 1.0813 -0.0514 0.9987 0
0.4581 9.4803 6.9365 0.9649 1.0834 -0.0426 -0.9991 0
0.0352 9.4983 7.4605 1 1.0813 -0.0213 -0.9998 0
0.0352 9.4983 6.9365 0.9649 1.0813 -0.0213 -0.9998 0
0.4581 9.4803 6.9365 0.9649 1.0834 -0.0426 -0.9991 0
0.4581 9.4803 7.4605 1 1.0834 -0.0426 -0.9991 0
0.0352 9.4983 7.4605 1 1.0813 -0.0213 -0.9998 0
-0.5543 9.4764 6.9365 0.9649 1.0839 0.0514 -0.9987 0
-0.1287 9.4983 6.9365 0.9649 1.0813 0.0257 -0.9997 0
-0.1287 9.4983 7.4605 1 1.0813 0.0257 -0.9997 0
-0.5543 9.4764 6.9365 0.9649 1.0839 0.0514 -0.9987 0
-0.1287 9.4983 7.4605 1 1.0813 0.0257 -0.9997 0
-0.5543 9.4764 7.4605 1 1.0839 0.0514 -0.9987 0
0.0352 9.4983 6.9365 0.9649 1.0813 -0.0213 -0.9998 0
0.0352 9.4983 7.4605 1 1.0813 -0.0213 -0.9998 0
-0.1287 9.4983 6.9365 0.9649 1.0813 0.0257 -0.9997 0
-0.1287 9.4983 6.9365 0.9649 1.0813 0.0257 -0.9997 0
0.0352 9.4983 7.4605 1 1.0813 -0.0213 -0.9998 0
-0.1287 9.4983 7.4605 1 1.0813 0.0257 -0.9997 0
0.4581 9.4803 -7.4605 0 1.0834 -0.0426 -0.9991 0
0.0352 9.4983 -6.9365 0.0351 1.0813 -0.0213 -0.9998 0
0.0352 9.4983 -7.4605 0 1.0813 -0.0213 -0.9998 0
0.4581 9.4803 -7.4605 0 1.0834 -0.0426 -0.9991 0
0.4581 9.4803 -6.9365 0.0351 1.0834 -0.0426 -0.9991 0
0.0352 9.4983 -6.9365 0.0351 1.0813 -0.0213 -0.9998 0
0.0352 9.4983 -7.4605 0 1.0813 -0.0213 -0.9998 0
0.0352 9.4983 -6.9365 0.0351 1.0813 -0.0213 -0.9998 0
-0.1287 9.4983 -7.4605 0 1.0813 0.0257 -0.9997 0
-0.1287 9.4983 -7.4605 0 1.0813 0.0257 -0.9997 0
0.0352 9.4983 -6.9365 0.0351 1.0813 -0.0213 -0.9998 0
-0.1287 9.4983 -6.9365 0.0351 1.0813 0.0257 -0.9997 0
-0.5543 9.4764 -7.4605 0 1.0839 0.0514 -0.9987 0
-0.1287 9.4983 -7.4605 0 1.0813 0.0257 -0.9997 0
-0.1287 9.4983 -6.9365 0.0351 1.0813 0.0257 -0.9997 0
-0.5543 9.4764 -7.4605 0 1.0839 0.0514 -0.9987 0
-0.1287 9.4983 -6.9365 0.0351 1.0813 0.0257 -0.9997 0
-0.5543 9.4764 -6.9365 0.0351 1.0839 0.0514 -0.9987 0
5.6184 1.8696 -7.4605 0 1.971 0.2157 -0.9765 0
5.8562 1.9222 -7.4605 0 1.9649 0.2157 -0.9765 0
5.6184 1.8696 7.4605 1 1.971 0.2157 -0.9765 0
5.6184 1.8696 7.4605 1 1.971 0.2157 -0.9765 0
5.8562 1.9222 -7.4605 0 1.9649 0.2157 -0.9765 0
5.8562 1.9222 7.4605 1 1.9649 0.2157 -0.9765 0
-5.6077 1.8668 -7.4605 0 1.9714 -0.1924 -0.9813 0
-5.8562 1.9156 7.4605 1 1.9657 -0.1924 -0.9813 0
-5.8562 1.9156 -7.4605 0 1.9657 -0.1924 -0.9813 0
-5.6077 1.8668 -7.4605 0 1.9714 -0.1924 -0.9813 0
-5.6077 1.8668 7.4605 1 1.9714 -0.1924 -0.9813 0
-5.8562 1.9156 7.4605 1 1.9657 -0.1924 -0.9813 0
5.6184 1.8696 -7.4605 0 1.971 -0.7738 -0.6334 0
5.6184 1.8696 7.4605 1 1.971 -0.7738 -0.6334 0
5.2722 2.2925 -7.4605 0 1.9217 -0.7917 -0.6109 0
5.6184 1.8696 7.4605 1 1.971 -0.7738 -0.6334 0
5.2722 2.2925 7.4605 1 1.9217 -0.7917 -0.6109 0
5.2722 2.2925 -7.4605 0 1.9217 -0.7917 -0.6109 0
5.6184 1.8696 -7.4605 0.9797 1.9997 0 0 -1
5.2722 2.2925 -7.4605 0.9501 1.9473 0 0 -1
5.7318 2.2745 -7.4605 0.9894 1.9496 0 0 -1
5.6184 1.8696 -7.4605 0.9797 1.9997 0 0 -1
5.7318 2.2745 -7.4605 0.9894 1.9496 0 0 -1
5.8562 1.9222 -7.4605 1 1.9932 0 0 -1
5.8562 1.9222 -7.4605 0 1.9649 0.9429 0.333 0
5.7318 2.2745 -7.4605 0 1.9238 0.8844 0.4668 0
5.8562 1.9222 7.4605 1 1.9649 0.9429 0.333 0
5.8562 1.9222 7.4605 1 1.9649 0.9429 0.333 0
5.7318 2.2745 -7.4605 0 1.9238 0.8844 0.4668 0
5.7318 2.2745 7.4605 1 1.9238 0.8844 0.4668 0
5.6184 1.8696 7.4605 0.9797 1.9997 0 0 1
5.8562 1.9222 7.4605 1 1.9932 0 0 1
5.7318 2.2745 7.4605 0.9894 1.9496 0 0 1
5.6184 1.8696 7.4605 0.9797 1.9997 0 0 1
5.7318 2.2745 7.4605 0.9894 1.9496 0 0 1
5.2722 2.2925 7.4605 0.9501 1.9473 0 0 1
-5.8562 1.9156 -7.4605 0 1.9657 -0.9404 0.3402 0
-5.8562 1.9156 7.4605 1 1.9657 -0.9404 0.3402 0
-5.7277 2.2706 -7.4605 0 1.9243 -0.8847 0.4661 0
-5.8562 1.9156 7.4605 1 1.9657 -0.9404 0.3402 0
-5.7277 2.2706 7.4605 1 1.9243 -0.8847 0.4661 0
-5.7277 2.2706 -7.4605 0 1.9243 -0.8847 0.4661 0
-5.6077 1.8668 -7.4605 0.0212 2 0 0 -1
-5.8562 1.9156 -7.4605 0 1.994 0 0 -1
-5.7277 2.2706 -7.4605 0.011 1.95 0 0 -1
-5.6077 1.8668 -7.4605 0.0212 2 0 0 -1
-5.7277 2.2706 -7.4605 0.011 1.95 0 0 -1
-5.2497 2.2925 -7.4605 0.0518 1.9473 0 0 -1
-5.6077 1.8668 -7.4605 0 1.9714 0.7653 -0.6437 0
-5.2497 2.2925 -7.4605 0 1.9217 0.7909 -0.612 0
-5.6077 1.8668 7.4605 1 1.9714 0.7653 -0.6437 0
-5.6077 1.8668 7.4605 1 1.9714 0.7653 -0.6437 0
-5.2497 2.2925 -7.4605 0 1.9217 0.7909 -0.612 0
-5.2497 2.2925 7.4605 1 1.9217 0.7909 -0.612 0
-5.6077 1.8668 7.4605 0.0212 2 0 0 1
-5.2497 2.2925 7.4605 0.0518 1.9473 0 0 1
-5.7277 2.2706 7.4605 0.011 1.95 0 0 1
-5.6077 1.8668 7.4605 0.0212 2 0 0 1
-5.7277 2.2706 7.4605 0.011 1.95 0 0 1
-5.8562 1.9156 7.4605 0 1.994 0 0 1
5.2722 -0.0655 6.9365 0.9959 2 0 0 1
5.2722 2.2925 6.9365 0.9959 1.775 0 0 1
1.5247 2.2925 6.9365 0.6427 1.775 0 0 1
1.5247 -0.0655 6.9365 0.6427 2 0 0 1
5.2722 -0.0655 6.9365 0.9959 2 0 0 1
1.5247 2.2925 6.9365 0.6427 1.775 0 0 1
-1.5555 -0.0655 6.9365 0.3525 2 0 0 1
-5.2497 2.2925 6.9365 0.0043 1.775 0 0 1
-5.2497 -0.0655 6.9365 0.0043 2 0 0 1
-1.5555 -0.0655 6.9365 0.3525 2 0 0 1
-1.5555 2.2925 6.9365 0.3525 1.775 0 0 1
-5.2497 2.2925 6.9365 0.0043 1.775 0 0 1
-1.5555 2.2925 6.9365 0.3525 1.775 0 0 1
-1.5555 3.0093 6.9365 0.3525 1.7066 0 0 1
-5.2497 2.2925 6.9365 0.0043 1.775 0 0 1
-5.2497 2.2925 6.9365 0.0043 1.775 0 0 1
-1.5555 3.0093 6.9365 0.3525 1.7066 0 0 1
-0.1287 9.4983 6.9365 0.4869 1.0874 0 0 1
1.5247 3.0093 6.9365 0.6427 1.7066 0 0 1
-0.1287 9.4983 6.9365 0.4869 1.0874 0 0 1
-1.5555 3.0093 6.9365 0.3525 1.7066 0 0 1
1.5247 2.2925 6.9365 0.6427 1.775 0 0 1
5.2722 2.2925 6.9365 0.9959 1.775 0 0 1
1.5247 3.0093 6.9365 0.6427 1.7066 0 0 1
5.2722 2.2925 6.9365 0.9959 1.775 0 0 1
0.0352 9.4983 6.9365 0.5024 1.0874 0 0 1
1.5247 3.0093 6.9365 0.6427 1.7066 0 0 1
1.5247 3.0093 6.9365 0.6427 1.7066 0 0 1
0.0352 9.4983 6.9365 0.5024 1.0874 0 0 1
-0.1287 9.4983 6.9365 0.4869 1.0874 0 0 1
1.5014 -0.0655 6.7934 0.2538 1.2813 0 0 1
1.5014 3.0093 6.7934 0.2534 1.024 0 0 1
-1.5479 3.0093 6.7934 0.0003 1.0245 0 0 1
1.5014 -0.0655 6.7934 0.2538 1.2813 0 0 1
-1.5479 3.0093 6.7934 0.0003 1.0245 0 0 1
-1.5479 -0.0655 6.7934 0.0008 1.2817 0 0 1
-1.5555 2.2925 6.9365 -0.0022 1.792 0.9986 0 0.053
-1.5479 3.0093 6.7934 -0.0144 1.7291 0.9986 0 0.053
-1.5555 3.0093 6.9365 -0.0022 1.7291 0.9986 0 0.053
-1.5479 -0.0655 6.7934 -0.0144 1.9989 0.9986 0 0.053
-1.5479 3.0093 6.7934 -0.0144 1.7291 0.9986 0 0.053
-1.5555 2.2925 6.9365 -0.0022 1.792 0.9986 0 0.053
-1.5479 -0.0655 6.7934 -0.0144 1.9989 0.9986 0 0.053
-1.5555 2.2925 6.9365 -0.0022 1.792 0.9986 0 0.053
-1.5555 -0.0655 6.9365 -0.0022 1.9989 0.9986 0 0.053
1.5014 3.0093 6.7934 0.6406 1.7066 0 -1 0
-1.5555 3.0093 6.9365 0.3525 1.7066 0 -1 0
-1.5479 3.0093 6.7934 0.3532 1.7066 0 -1 0
1.5014 3.0093 6.7934 0.6406 1.7066 0 -1 0
1.5247 3.0093 6.9365 0.6427 1.7066 0 -1 0
-1.5555 3.0093 6.9365 0.3525 1.7066 0 -1 0
1.5014 -0.0655 6.7934 -0.0144 1.9989 -0.9871 0 0.1601
1.5247 -0.0655 6.9365 -0.0022 1.9989 -0.9871 0 0.1601
1.5247 2.2925 6.9365 -0.0022 1.792 -0.9871 0 0.1601
1.5014 -0.0655 6.7934 -0.0144 1.9989 -0.9871 0 0.1601
1.5247 2.2925 6.9365 -0.0022 1.792 -0.9871 0 0.1601
1.5014 3.0093 6.7934 -0.0144 1.7291 -0.9871 0 0.1601
1.5247 2.2925 6.9365 -0.0022 1.792 -0.9871 0 0.1601
1.5247 3.0093 6.9365 -0.0022 1.7291 -0.9871 0 0.1601
1.5014 3.0093 6.7934 -0.0144 1.7291 -0.9871 0 0.1601
3.6059 5.0732 -5.5348 -0.9 0.1068 -0.8 -0.6 0
2.4269 6.6452 -4.0938 -0.5333 -0.1932 -0.8 -0.6 0
2.4269 6.6452 -5.5348 -0.9 -0.1932 -0.8 -0.6 0
3.6059 5.0732 -5.5348 -0.9 0.1068 -0.8 -0.6 0
3.6059 5.0732 -4.0938 -0.5333 0.1068 -0.8 -0.6 0
2.4269 6.6452 -4.0938 -0.5333 -0.1932 -0.8 -0.6 0
2.4269 6.6452 -5.5348 1.4383 -0.1932 0.0369 0.031 -0.9988
2.5055 10.8075 -5.3697 1.4583 -0.9875 0 0.0396 -0.9992
3.3963 10.8075 -5.3697 1.685 -0.9875 0.0067 0.0381 -0.9993
3.6059 5.0732 -5.5348 1.7383 0.1068 0.0403 0.0302 -0.9987
2.4269 6.6452 -5.5348 1.4383 -0.1932 0.0369 0.031 -0.9988
3.3963 10.8075 -5.3697 1.685 -0.9875 0.0067 0.0381 -0.9993
3.6059 5.0732 -5.5348 -0.9 0.1068 0.9993 0.0365 0
3.3963 10.8075 -5.3697 -0.858 -0.9875 0.9993 0.0365 0
3.6059 5.0732 -4.0938 -0.5333 0.1068 0.9993 0.0365 0
3.6059 5.0732 -4.0938 -0.5333 0.1068 0.9993 0.0365 0
3.3963 10.8075 -5.3697 -0.858 -0.9875 0.9993 0.0365 0
3.3963 10.8075 -4.2313 -0.5683 -0.9875 0.9993 0.0365 0
3.6059 5.0732 -4.0938 1.7383 0.1068 0.0336 0.0252 0.9991
3.3963 10.8075 -4.2313 1.685 -0.9875 0.0055 0.0317 0.9995
2.4269 6.6452 -4.0938 1.4383 -0.1932 0.0307 0.0259 0.9992
2.4269 6.6452 -4.0938 1.4383 -0.1932 0.0307 0.0259 0.9992
3.3963 10.8075 -4.2313 1.685 -0.9875 0.0055 0.0317 0.9995
2.5055 10.8075 -4.2313 1.4583 -0.9875 0 0.033 0.9995
2.4269 6.6452 -5.5348 -0.9 -0.1932 -0.9998 0.0189 0
2.4269 6.6452 -4.0938 -0.5333 -0.1932 -0.9998 0.0189 0
2.5055 10.8075 -5.3697 -0.858 -0.9875 -0.9998 0.0189 0
2.4269 6.6452 -4.0938 -0.5333 -0.1932 -0.9998 0.0189 0
2.5055 10.8075 -4.2313 -0.5683 -0.9875 -0.9998 0.0189 0
2.5055 10.8075 -5.3697 -0.858 -0.9875 -0.9998 0.0189 0
2.6758 7.205 -5.1994 1.5017 1.8147 0 1 0
2.6758 7.205 -4.4016 1.5017 1.6117 0 1 0
3.226 7.205 -5.1994 1.6417 1.8147 0 1 0
3.226 7.205 -5.1994 1.6417 1.8147 0 1 0
2.6758 7.205 -4.4016 1.5017 1.6117 0 1 0
3.226 7.205 -4.4016 1.6417 1.6117 0 1 0
2.5055 10.8075 -5.3697 1.4583 1.858 0 1 0
2.6758 10.8075 -5.1994 1.5017 1.8147 0 1 0
3.3963 10.8075 -5.3697 1.685 1.858 0 1 0
3.3963 10.8075 -5.3697 1.685 1.858 0 1 0
2.6758 10.8075 -5.1994 1.5017 1.8147 0 1 0
3.226 10.8075 -5.1994 1.6417 1.8147 0 1 0
2.5055 10.8075 -5.3697 1.4583 1.858 0 1 0
2.5055 10.8075 -4.2313 1.4583 1.5683 0 1 0
2.6758 10.8075 -5.1994 1.5017 1.8147 0 1 0
2.6758 10.8075 -5.1994 1.5017 1.8147 0 1 0
2.5055 10.8075 -4.2313 1.4583 1.5683 0 1 0
2.6758 10.8075 -4.4016 1.5017 1.6117 0 1 0
2.6758 10.8075 -4.4016 1.5017 1.6117 0 1 0
3.3963 10.8075 -4.2313 1.685 1.5683 0 1 0
3.226 10.8075 -4.4016 1.6417 1.6117 0 1 0
2.6758 10.8075 -4.4016 1.5017 1.6117 0 1 0
2.5055 10.8075 -4.2313 1.4583 1.5683 0 1 0
3.3963 10.8075 -4.2313 1.685 1.5683 0 1 0
3.3963 10.8075 -5.3697 1.685 1.858 0 1 0
3.226 10.8075 -5.1994 1.6417 1.8147 0 1 0
3.3963 10.8075 -4.2313 1.685 1.5683 0 1 0
3.226 10.8075 -5.1994 1.6417 1.8147 0 1 0
3.226 10.8075 -4.4016 1.6417 1.6117 0 1 0
3.3963 10.8075 -4.2313 1.685 1.5683 0 1 0
2.6758 7.205 -5.1994 1.5017 -0.3 0 0 1
3.226 7.205 -5.1994 1.6417 -0.3 0 0 1
3.226 10.8075 -5.1994 1.6417 -0.9875 0 0 1
2.6758 7.205 -5.1994 1.5017 -0.3 0 0 1
3.226 10.8075 -5.1994 1.6417 -0.9875 0 0 1
2.6758 10.8075 -5.1994 1.5017 -0.9875 0 0 1
2.6758 7.205 -5.1994 -0.8147 -0.3 1 0 0
2.6758 10.8075 -5.1994 -0.8147 -0.9875 1 0 0
2.6758 7.205 -4.4016 -0.6117 -0.3 1 0 0
2.6758 7.205 -4.4016 -0.6117 -0.3 1 0 0
2.6758 10.8075 -5.1994 -0.8147 -0.9875 1 0 0
2.6758 10.8075 -4.4016 -0.6117 -0.9875 1 0 0
2.6758 7.205 -4.4016 1.5017 -0.3 0 0 -1
3.226 10.8075 -4.4016 1.6417 -0.9875 0 0 -1
3.226 7.205 -4.4016 1.6417 -0.3 0 0 -1
2.6758 7.205 -4.4016 1.5017 -0.3 0 0 -1
2.6758 10.8075 -4.4016 1.5017 -0.9875 0 0 -1
3.226 10.8075 -4.4016 1.6417 -0.9875 0 0 -1
3.226 7.205 -5.1994 -0.8147 -0.3 -1 0 0
3.226 7.205 -4.4016 -0.6117 -0.3 -1 0 0
3.226 10.8075 -5.1994 -0.8147 -0.9875 -1 0 0
3.226 7.205 -4.4016 -0.6117 -0.3 -1 0 0
3.226 10.8075 -4.4016 -0.6117 -0.9875 -1 0 0
3.226 10.8075 -5.1994 -0.8147 -0.9875 -1 0 0
-0.2916 9.6747 -6.9365 0.0351 1.0607 -0.4654 0.8851 0
-0.0555 9.7534 6.9365 0.9649 1.0516 -0.3162 0.9487 0
-0.0555 9.7534 -6.9365 0.0351 1.0516 -0.3162 0.9487 0
-0.2916 9.6747 -6.9365 0.0351 1.0607 -0.4654 0.8851 0
-0.2916 9.6747 6.9365 0.9649 1.0607 -0.4654 0.8851 0
-0.0555 9.7534 6.9365 0.9649 1.0516 -0.3162 0.9487 0
-0.5543 9.4764 -6.9365 0.0351 1.0839 -0.608 0.7939 0
-0.5543 9.4764 6.9365 0.9649 1.0839 -0.608 0.7939 0
-0.2916 9.6747 6.9365 0.9649 1.0607 -0.4654 0.8851 0
-0.5543 9.4764 -6.9365 0.0351 1.0839 -0.608 0.7939 0
-0.2916 9.6747 6.9365 0.9649 1.0607 -0.4654 0.8851 0
-0.2916 9.6747 -6.9365 0.0351 1.0607 -0.4654 0.8851 0
-0.2916 9.6747 7.4605 1 1.0607 -0.4654 0.8851 0
-0.0555 9.7534 7.4605 1 1.0516 -0.3162 0.9487 0
-0.0555 9.7534 6.9365 0.9649 1.0516 -0.3162 0.9487 0
-0.2916 9.6747 6.9365 0.9649 1.0607 -0.4654 0.8851 0
-0.2916 9.6747 7.4605 1 1.0607 -0.4654 0.8851 0
-0.0555 9.7534 6.9365 0.9649 1.0516 -0.3162 0.9487 0
-0.5543 9.4764 6.9365 0.9649 1.0839 -0.608 0.7939 0
-0.5543 9.4764 7.4605 1 1.0839 -0.5245 0.8514 0
-0.2916 9.6747 7.4605 1 1.0607 -0.4654 0.8851 0
-0.5543 9.4764 6.9365 0.9649 1.0839 -0.608 0.7939 0
-0.2916 9.6747 7.4605 1 1.0607 -0.4654 0.8851 0
-0.2916 9.6747 6.9365 0.9649 1.0607 -0.4654 0.8851 0
-0.2916 9.6747 -6.9365 0.0351 1.0607 -0.4654 0.8851 0
-0.0555 9.7534 -6.9365 0.0351 1.0516 -0.3162 0.9487 0
-0.0555 9.7534 -7.4605 0 1.0516 -0.3162 0.9487 0
-0.2916 9.6747 -7.4605 0 1.0607 -0.4654 0.8851 0
-0.2916 9.6747 -6.9365 0.0351 1.0607 -0.4654 0.8851 0
-0.0555 9.7534 -7.4605 0 1.0516 -0.3162 0.9487 0
-0.5543 9.4764 -7.4605 0 1.0839 -0.5245 0.8514 0
-0.5543 9.4764 -6.9365 0.0351 1.0839 -0.608 0.7939 0
-0.2916 9.6747 -6.9365 0.0351 1.0607 -0.4654 0.8851 0
-0.5543 9.4764 -7.4605 0 1.0839 -0.5245 0.8514 0
-0.2916 9.6747 -6.9365 0.0351 1.0607 -0.4654 0.8851 0
-0.2916 9.6747 -7.4605 0 1.0607 -0.4654 0.8851 0
0.1939 9.6748 6.9365 0.9649 1.0607 0.4528 0.8916 0
-0.0555 9.7534 -6.9365 0.0351 1.0516 0.3004 0.9538 0
-0.0555 9.7534 6.9365 0.9649 1.0516 0.3004 0.9538 0
0.1939 9.6748 -6.9365 0.0351 1.0607 0.4528 0.8916 0
-0.0555 9.7534 -6.9365 0.0351 1.0516 0.3004 0.9538 0
0.1939 9.6748 6.9365 0.9649 1.0607 0.4528 0.8916 0
0.4581 9.4803 -6.9365 0.0351 1.0834 0.5999 0.8001 0
0.1939 9.6748 -6.9365 0.0351 1.0607 0.4528 0.8916 0
0.4581 9.4803 6.9365 0.9649 1.0834 0.5999 0.8001 0
0.4581 9.4803 6.9365 0.9649 1.0834 0.5999 0.8001 0
0.1939 9.6748 -6.9365 0.0351 1.0607 0.4528 0.8916 0
0.1939 9.6748 6.9365 0.9649 1.0607 0.4528 0.8916 0
0.1939 9.6748 7.4605 1 1.0607 0.4528 0.8916 0
-0.0555 9.7534 6.9365 0.9649 1.0516 0.3004 0.9538 0
-0.0555 9.7534 7.4605 1 1.0516 0.3004 0.9538 0
0.1939 9.6748 6.9365 0.9649 1.0607 0.4528 0.8916 0
-0.0555 9.7534 6.9365 0.9649 1.0516 0.3004 0.9538 0
0.1939 9.6748 7.4605 1 1.0607 0.4528 0.8916 0
0.4581 9.4803 6.9365 0.9649 1.0834 0.5999 0.8001 0
0.1939 9.6748 6.9365 0.9649 1.0607 0.4528 0.8916 0
0.4581 9.4803 7.4605 1 1.0834 0.516 0.8566 0
0.4581 9.4803 7.4605 1 1.0834 0.516 0.8566 0
0.1939 9.6748 6.9365 0.9649 1.0607 0.4528 0.8916 0
0.1939 9.6748 7.4605 1 1.0607 0.4528 0.8916 0
0.1939 9.6748 -6.9365 0.0351 1.0607 0.4528 0.8916 0
-0.0555 9.7534 -7.4605 0 1.0516 0.3004 0.9538 0
-0.0555 9.7534 -6.9365 0.0351 1.0516 0.3004 0.9538 0
0.1939 9.6748 -7.4605 0 1.0607 0.4528 0.8916 0
-0.0555 9.7534 -7.4605 0 1.0516 0.3004 0.9538 0
0.1939 9.6748 -6.9365 0.0351 1.0607 0.4528 0.8916 0
0.4581 9.4803 -7.4605 0 1.0834 0.516 0.8566 0
0.1939 9.6748 -7.4605 0 1.0607 0.4528 0.8916 0
0.4581 9.4803 -6.9365 0.0351 1.0834 0.5999 0.8001 0
0.4581 9.4803 -6.9365 0.0351 1.0834 0.5999 0.8001 0
0.1939 9.6748 -7.4605 0 1.0607 0.4528 0.8916 0
0.1939 9.6748 -6.9365 0.0351 1.0607 0.4528 0.8916 0
-0.5543 9.4764 7.4605 0.4527 1.0586 0 0 1
-0.1287 9.4983 7.4605 0.489 1.0559 0 0 1
-0.2916 9.6747 7.4605 0.4751 1.034 0 0 1
-0.1287 9.4983 7.4605 0.489 1.0559 0 0 1
-0.0555 9.7534 7.4605 0.4953 1.0243 0 0 1
-0.2916 9.6747 7.4605 0.4751 1.034 0 0 1
0.0352 9.4983 7.4605 0.503 1.0559 0 0 1
-0.0555 9.7534 7.4605 0.4953 1.0243 0 0 1
-0.1287 9.4983 7.4605 0.489 1.0559 0 0 1
0.4581 9.4803 7.4605 0.5391 1.0581 0 0 1
0.1939 9.6748 7.4605 0.5166 1.034 0 0 1
0.0352 9.4983 7.4605 0.503 1.0559 0 0 1
0.0352 9.4983 7.4605 0.503 1.0559 0 0 0
0.1939 9.6748 7.4605 0.5166 1.034 0 0 0
0.1939 9.6748 7.4605 0.5166 1.034 0 0 0
0.0352 9.4983 7.4605 0.503 1.0559 0 0 1
0.1939 9.6748 7.4605 0.5166 1.034 0 0 1
-0.0555 9.7534 7.4605 0.4953 1.0243 0 0 1
-0.5543 9.4764 -7.4605 0.4527 1.0586 0 0 -1
-0.2916 9.6747 -7.4605 0.4751 1.034 0 0 -1
-0.1287 9.4983 -7.4605 0.489 1.0559 0 0 -1
-0.1287 9.4983 -7.4605 0.489 1.0559 0 0 -1
-0.2916 9.6747 -7.4605 0.4751 1.034 0 0 -1
-0.0555 9.7534 -7.4605 0.4953 1.0243 0 0 -1
0.0352 9.4983 -7.4605 0.503 1.0559 0 0 -1
-0.1287 9.4983 -7.4605 0.489 1.0559 0 0 -1
-0.0555 9.7534 -7.4605 0.4953 1.0243 0 0 -1
0.4581 9.4803 -7.4605 0.5391 1.0581 0 0 -1
0.0352 9.4983 -7.4605 0.503 1.0559 0 0 -1
0.1939 9.6748 -7.4605 0.5166 1.034 0 0 -1
0.0352 9.4983 -7.4605 0.503 1.0559 0 0 -1
-0.0555 9.7534 -7.4605 0.4953 1.0243 0 0 -1
0.1939 9.6748 -7.4605 0.5166 1.034 0 0 -1
0.1939 9.6748 -7.4605 0.5166 1.034 0 0 0
0.1939 9.6748 -7.4605 0.5166 1.034 0 0 0
-0.0555 9.7534 -7.4605 0.4953 1.0243 0 0 0
